12  14  15  16  17  14  15  16  17  14  15  16  17  14  15  13

6   18  19  20  21  18  19  20  21  18  19  20  21  18  19  9

7   22  23  24  25  22  23  24  25  22  23  24  25  22  23  10

8   26  27  28  29  26  27  28  29  26  27  28  29  26  27  11

6   18  19  20  21  18  19  20  21  18  19  20  21  18  19  9

7   22  23  24  25  22  23  24  25  22  23  24  25  22  23  10

8   26  27  28  29  26  27  28  29  26  27  28  29  26  27  11

6   18  19  20  21  18  19  20  21  18  19  20  21  18  19  9

7   22  23  24  25  22  23  24  25  22  23  24  25  22  23  10

8   26  27  28  29  26  27  28  29  26  27  28  29  26  27  11

6   18  19  20  21  18  19  20  21  18  19  20  21  18  19  9

0   2   3   4   5   2   3   4   5   2   3   4   5   2   3   1